-706
-654
-131
-396
-388
729
-500
799
28
207
-24
389
-535
769
-319
803
489
40
-597
-922
455
934
102
-151
10
726
404
-250
606
-120
-146
-773
781
-723
924
-630
-878
-809
336
-974
-577
642
439
276
189
-16
-554
555
-984
108
517
-248
486
-397
4
822
105
-717
-409
-295
682
-851
-865
394
670
-61
-543
-79
882
-630
-625
-924
820
689
-264
-317
63
638
-761
196
448
-501
-195
-781
-41
-243
-227
467
608
-674
703
744
424
-107
803
722
-382
-195
-753
-396
270
562
-825
459
621
68
124
14
-442
495
-803
-742
870
634
-305
-880
624
-421
805
-721
229
-846
526
191
-694
390
708
-403
648
-259
878
-138
915
830
726
392
-401
908
923
-493
145
-151
133
-763
-257
-171
178
441
477
-731
932
211
-950
965
-93
-47
-713
-556
127
370
-101
-486
-514
715
-323
-485
-806
315
141
-271
1000
-8
-976
513
540
-664
640
801
790
-756
256
-944
159
-575
769
355
-10
-973
572
132
771
352
630
-459
767
521
420
731
-571
-883
4
-796
-720
130
654
75
-655
722
503
-839
-623
683
688
-813
675
795
196
-931
-521
493
605
-951
-722
-188
-34
-619
964
-19
239
-888
-791
405
560
-100
747
667
469
-853
902
269
-862
-574
840
-503
747
-812
-904
409
17
755
882
266
576
74
469
984
-104
249
-869
374
479
-429
-262
-255
-453
535
-572
-559
-344
-636
492
-435
221
5
-620
514
-607
857
222
-941
-722
948
-742
-901
917
-651
840
-693
-217
-744
-625
566
-777
-457
156
-336
-675
-276
920
871
643
-119
-923
-91
-704
-44
510
639
-916
-492
-225
-244
644
842
-274
-670
45
546
-933
-561
-648
-592
-142
514
53
-271
278
648
-133
986
-890
-786
96
-867
554
-190
-479
-261
290
-879
-231
492
-835
-32
-349
776
-44
887
129
-642
263
-257
-806
614
-706
756
-218
-885
850
396
-986
981
702
-190
-571
-176
-257
-262
676
-40
841
43
-614
-830
730
874
-306
487
174
273
-175
-499
961
543
775
-570
-294
-584
-527
452
-201
-181
-273
521
945
-659
42
934
396
-877
152
375
85
324
119
188
982
860
-204
-890
661
-160
784
465
129
129
165
-441
-333
-544
-319
-732
-270
-463
-671
-437
897
318
333
461
444
-389
-289
133
-751
966
143
-293
117
-218
-161
-320
-500
517
-107
265
916
995
316
-397
-191
176
951
615
929
882
265
-280
-827
-409
-815
182
-1000
300
-766
541
867
60
-380
-335
-739
951
74
-622
82
-926
289
437
644
602
-212
63
-186
957
-682
-186
111
896
94
-253
-560
848
483
898
-144
-995
-787
796
23
-966
-785
273
-281
-863
620
37
-147
113
-153
293
-930
-883
8
340
926
-734
318
716
670
-170
-506
-202
-83
610
846
-322
-769
-496
-234
-504
-137
149
575
-486
-23
828
713
135
-690
77
434
664
-365
172
-724
982
-565
913
717
191
431
-97
260
-573
384
233
888
621
-474
-719
-382
-109
-669
-749
-905
-354
446
466
-543
301
509
-763
159
909
-303
-641
5
-819
190
535
282
-119
-604
-963
554
839
169
664
715
344
823
282
371
-626
680
-223
-591
-546
721
957
72
309
-194
460
629
161
557
479
474
286
-403
861
770
707
2
368
-348
-369
911
-320
-74
-512
129
414
-265
490
-537
-3
-852
-263
576
419
647
837
366
-810
-68
-430
-314
44
83
-961
-887
953
677
-141
863
995
-545
-698
-702
-852
111
723
637
797
-707
682
544
-486
428
77
-535
-572
-118
-295
658
464
-91
-435
741
-220
-654
82
-499
-39
748
-448
17
-277
-27
-499
576
-730
-898
-516
-788
-991
-753
539
-167
-225
-887
74
-229
-227
104
-363
-549
147
388
-401
-947
-880
-854
-547
830
-131
-287
-975
-559
75
588
-726
796
332
726
487
-343
-157
-90
-449
-444
52
-444
-146
-695
-796
-1000
-747
-174
-303
-811
-604
-360
214
233
-158
967
-504
-952
540
538
528
295
816
-188
961
298
-783
699
-700
-282
355
-517
711
355
-186
-939
430
-372
-180
666
-593
-375
-297
944
915
-276
87
-655
753
473
-122
888
274
713
-784
-466
-390
630
934
-5
-911
468
-263
-303
953
846
-625
-539
375
-91
757
-99
-349
3
292
-915
291
604
171
-308
129
944
-396
503
214
322
718
926
81
-230
-578
887
388
830
-116
-171
60
-139
-264
-644
667
-864
626
-221
-856
-881
-44
-129
623
-527
978
547
-297
414
795
327
-789
972
-788
-997
2
12
486
890
578
-413
125
-932
-342
-274
362
-972
655
-534
-357
-405
-562
15
-734
-720
647
48
540
248
-108
77
557
-522
-658
628
987
-404
590
-105
-795
451
-247
-608
-555
-841
-548
501
-253
439
387
924
-830
-804
-586
-281
-936
227
-182
-583
540
-807
-307
-629
-481
10
-364
-624
-277
76
-601
-307
937
948
-777
-483
-779
-351
-765
247
-595
477
132
-599
-30
-758
293
-491
463
54
545
32
-946
332
-806
-279
837
-350
-160
-586
13
-620
568
180
54
188
755
593
-266
892
-112
-740
627
-286
-885
410
199
-560
-364
649
-898
782
450
464
-438
418
568
50
-818
-187
-336
313
-414
243
823
-633
-42
-593
-179
879
-842
292
375
337
223
901
523
573
-836
308
833
649
143
-388
-132
147
-313
-236
822
-478
256
585
-228
